logoutlocation:
  world: world
  x: 113.8559408289794
  y: 64.0
  z: 190.7032319185415
  yaw: -212.24982
  pitch: 19.500004
lastAccountName: Hetal728
timestamps:
  login: 1427484425345
  lastteleport: 1427486223559
ipAddress: 127.0.0.1
lastlocation:
  world: world
  x: 127.22887921985148
  y: 71.0
  z: 415.59634643225877
  yaw: -268.7926
  pitch: -5.250019
