geolocation: Italy
lastAccountName: Wolfo
timestamps:
  login: 1427484959413
  logout: 1427485269915
ipAddress: 2.237.5.103
logoutlocation:
  world: world
  x: 87.30000001192093
  y: 66.0
  z: 215.31561297476796
  yaw: -50.39981
  pitch: 19.94997
