spawns: 
  default: 
    world: world
    x: 125.43520064636665
    y: 71.0
    z: 413.05475060815087
    yaw: 0.9050293
    pitch: 1.6500134
