spawns: 
  default: 
    world: world
    x: 127.22887921985148
    y: 71.0
    z: 415.59634643225877
    yaw: -268.7926
    pitch: -5.250019
